BYTE  32, 32, 32, 32, 32, 32, 32, 32, 32, 32, 32, 32, 32, 32, 32, 32, 32, 32, 32, 32, 32, 32, 32, 32, 32, 32, 32, 32, 32, 32, 32, 32, 32, 32, 32, 32, 32, 32, 32, 32
BYTE  32, 32, 32, 32, 32, 32, 32, 32, 32, 32, 32, 32, 32, 32, 32, 32, 32, 32, 32, 32, 32, 32, 32, 32, 32, 32, 32, 32, 32, 32, 32, 32, 32, 32, 32, 32, 32, 32, 32, 32
BYTE  32, 32, 32, 32, 96, 32, 32, 32, 32, 32, 32, 32, 32, 32, 32, 32, 32, 32, 32, 32, 32, 32, 32, 32, 32, 32, 32, 32, 32, 32, 32, 32, 32, 32, 32, 32, 32, 32, 32, 32
BYTE  32, 32, 96, 96, 95,252, 98, 98,121,111,100, 32, 32, 32, 32, 32, 32, 32, 32, 32, 32, 32, 32, 32, 32, 32, 32, 32, 32, 32, 32, 32, 32, 32, 32, 32, 32, 32, 32, 32
BYTE  32, 32, 32, 32,233,236,226,226,120,119, 99, 32, 32, 32, 32, 32, 32, 32, 32, 32, 32, 32, 32, 32, 32, 32, 32, 32, 32, 32, 32, 32, 32, 32, 32, 32, 32, 32, 32, 32
BYTE  32, 32, 32, 32, 32, 32, 32, 32, 32, 32, 32, 32, 32, 32, 32, 32, 32, 32, 32, 32, 32, 32, 32, 32, 32, 32, 32, 32, 32, 32, 32, 32, 32, 32, 32, 32, 32, 32, 32, 32
BYTE  32, 32, 32, 32, 32, 32, 32, 32, 32, 32, 32, 32, 32, 32, 32, 32, 32, 32, 32, 32, 32, 32, 32, 32, 32, 32, 32, 32, 32, 32, 32, 32, 32, 32, 32, 32, 32, 32, 32, 32
BYTE  32, 96, 32, 32, 32, 32, 32, 32, 32, 32, 32, 32, 32, 32, 32, 32, 32, 32, 32, 32, 32, 32, 32, 32, 32, 32, 32, 32, 32, 32, 32, 32, 32, 32, 32, 32, 32, 32, 32, 32
BYTE  32, 32, 32, 32, 32, 32, 32, 32, 32, 32, 32, 32, 32, 32, 32, 32, 32, 32, 32, 32, 32, 32, 32, 32, 32, 32, 32, 32, 32, 32, 32, 32, 32, 32, 32, 32, 32, 32, 32, 32
BYTE  32, 32, 32, 32, 32, 32, 32, 32, 32, 32, 32, 32, 32, 32, 32, 32, 32, 32, 32, 32, 32, 32, 32, 32, 32, 32, 32, 32, 32, 32, 32, 32, 32, 32, 32, 32, 32, 32, 32, 32
BYTE  32, 32, 32, 32, 32, 32, 32, 32, 32, 32, 32, 32, 32, 32, 32, 32, 32, 32, 32, 32, 32, 32, 32, 32, 32, 32, 32, 32, 32, 32, 32, 32, 32, 32, 32, 32, 32, 32, 32, 32
BYTE  32, 32, 32, 32, 32, 32, 32, 32, 32, 32, 32, 32, 32, 32, 32, 32, 32, 32, 32, 32, 32, 32, 32, 32, 32, 32, 32, 32, 32, 32, 32, 32, 32, 32, 32, 32, 32, 32, 32, 32
BYTE  32, 32, 32, 32, 32, 32, 32, 32, 32, 32, 32, 32, 32, 32, 32, 32, 32, 32, 32, 32, 32, 32, 32, 32, 32, 32, 32, 32, 32, 32, 32, 32, 32, 32, 32, 32, 32, 32, 32, 32
BYTE  32, 32, 32, 32, 32, 32, 32, 32, 32, 32, 32, 32, 32, 32, 32, 32, 32, 32, 32, 32, 32, 32, 32, 32, 32, 32, 32, 32, 32, 32, 32, 32, 32, 32, 32, 32, 32, 32, 32, 32
BYTE  32, 32, 32, 32, 32, 32, 32, 32, 32, 32, 32, 32, 32, 32, 32, 32, 32, 32, 32, 32, 32, 32, 32, 32, 32, 32, 32, 32, 32, 32, 32, 32, 32, 32, 32, 32, 32, 32, 32, 32
BYTE  32, 32, 32, 32, 32, 32, 32, 32, 32, 32, 32, 32, 32, 32, 96, 96, 32, 32, 96, 32, 96, 32, 96, 32, 96, 32, 32, 32, 32, 32, 32, 32, 32, 32, 32, 32, 32, 32, 32, 32
BYTE  32, 32, 32, 32, 32, 32, 32, 32, 32, 32, 32, 32, 32, 32, 96, 96, 96, 32, 32, 32, 32, 32, 32, 32, 32, 96, 32, 32, 32, 32, 32, 32, 32, 32, 32, 32, 32, 32, 32, 32
BYTE  32, 32, 32, 32, 32, 32, 32, 32, 32, 32, 32, 32, 32, 32, 96, 96, 96, 32, 32, 32, 32, 32, 32, 32, 32, 32, 32, 32, 32, 32, 32, 32, 32, 32, 32, 32, 32, 32, 32, 32
BYTE  32, 32, 32, 32, 32, 32, 32, 32, 32, 32, 32, 32, 96, 32, 96, 32, 96, 96, 96, 96, 96, 96, 32, 96, 32, 32, 32, 96, 32, 32, 32, 32, 32, 32, 32, 32, 32, 32, 32, 32
BYTE  32, 32, 32, 32, 32, 32, 32, 32, 32, 32, 32, 32, 96, 96, 96, 96, 96, 96, 32, 32, 96, 32, 96, 32, 32, 32, 32, 32, 32, 32, 96, 32, 32, 32, 32, 32, 32, 32, 32, 32
BYTE  32, 32, 32, 32, 32, 32, 32, 32, 32, 32, 32, 32, 96, 32, 96, 96, 96, 32, 96, 32, 32, 32, 32, 96, 32, 32, 32, 32, 32, 32, 32, 32, 32, 32, 32, 32, 32, 32, 32, 32
BYTE  32, 32, 32, 32, 32, 32, 32, 32, 32, 32, 32, 96, 96, 96, 32, 96, 32, 32, 96, 32, 32, 32, 32, 96, 32, 32, 32, 32, 32, 32, 32, 32, 32, 96, 32, 32, 32, 32, 32, 32
BYTE  32, 32, 32, 32, 32, 32, 32, 32, 32, 32, 32, 96, 32, 32, 32, 96, 32, 32, 32, 96, 32, 32, 96, 96, 32, 32, 32, 32, 32, 32, 32, 32, 32, 32, 32, 32, 32, 32, 32, 32
BYTE  32, 32, 32, 32, 32, 32, 32, 32, 32, 32, 32, 96, 32, 32, 32, 96, 96, 96, 96, 32, 32, 32, 96, 32, 32, 32, 32, 32, 32, 32, 32, 32, 32, 32, 32, 96, 32, 32, 32, 32
BYTE  32, 32, 32, 32, 32, 96, 96, 96, 96, 96, 96, 96, 96, 96, 96, 96, 96, 96, 96, 96, 96, 96, 96, 96, 96, 96, 96, 32, 96, 32, 32, 32, 32, 96, 32, 96, 32, 32, 32, 32
